proj:       3
zone:       0
north:      25:37:32.569251N
south:      23:27:58.764415N
east:       91:53:36.753888E
west:       89:34:21.472129E
cols:       8176
rows:       7607
e-w resol:  0:00:01.021928
n-s resol:  0:00:01.021928
format:     1
compressed: 2
